2 0.52578125 0.56171875 0.27109375 0.378125
0 0.2390625 0.54140625 0.2546875 0.378125
0 0.1328125 0.246875 0.25703125 0.39140625
0 0.371875 0.15078125 0.25234375 0.2890625
0 0.60859375 0.25859375 0.2453125 0.35390625
0 0.8671875 0.28515625 0.265625 0.428125
0 0.73828125 0.59453125 0.20234375 0.32578125
0 0.83125 0.78515625 0.3015625 0.4234375
0 0.5734375 0.87734375 0.30625 0.24453125
0 0.3125 0.85546875 0.23984375 0.2890625
0 0.12578125 0.86328125 0.25078125 0.2734375
0 0.05625 0.60078125 0.11015625 0.37109375
0 0.79921875 0.078125 0.23828125 0.14765625