2 0.53515625 0.55625 0.321875 0.415625
0 0.24296875 0.57109375 0.3046875 0.4125
0 0.12421875 0.2828125 0.2484375 0.421875
0 0.3265625 0.16328125 0.2890625 0.31875
0 0.58125 0.23984375 0.2921875 0.3875
0 0.83828125 0.234375 0.3140625 0.4625
0 0.75390625 0.5625 0.2453125 0.3546875
0 0.8453125 0.7390625 0.309375 0.46875
0 0.61953125 0.8625 0.3390625 0.275
0 0.353125 0.85859375 0.28125 0.2828125
0 0.17109375 0.878125 0.2796875 0.24375
0 0.0703125 0.646875 0.140625 0.3875
0 0.75 0.059375 0.25625 0.11875