2 0.503125 0.46953125 0.3640625 0.4703125
0 0.18359375 0.5375 0.3484375 0.46875
0 0.14765625 0.82578125 0.2546875 0.3484375
0 0.38359375 0.88828125 0.3140625 0.2234375
0 0.640625 0.79140625 0.33125 0.4171875
0 0.871875 0.7171875 0.25625 0.4875
0 0.7359375 0.39921875 0.2796875 0.4
0 0.79921875 0.21875 0.3796875 0.4375
0 0.5046875 0.13359375 0.378125 0.2671875
0 0.21640625 0.18671875 0.315625 0.3359375
0 0.0828125 0.2 0.165625 0.30625
0 0.02890625 0.4984375 0.0578125 0.425
0 0.87109375 0.9234375 0.2578125 0.09375